7.6,
7.6,
7.6,
7.6,
7.7,
7.7,
7.7,
7.7,
7.7,
7.7,
7.7,
7.7,
7.7,
7.7,
7.7,
7.7,
7.7,
7.8,
7.8,
7.8,
7.8,
7.8,
7.8,
7.8,
7.8,
7.8,
7.8,
7.8,
7.8,
7.8,
7.4,
7.4,
7.4,
7.4,
7.4,
7.4,
7.4,
7.4,
7.4,
7.4,
7.7,
7.7,
7.7,
7.7,
7.7,
7.7,
7.6,
7.6,
7.6,
7.6,
7.6,
7.6,
7.6,
7.5,
7.5,
7.5,
7.5,
7.6,
7.6,
7.6,
7.6,
7.6,
7.6,
7.6,
7.6,
7.6,
3.7,
3.7,
3.7,
3.1,
3.1,
3.1,
3.1,
3.1,
3.1,
3.1,
3.1,
3.1,
3.1,
3.1,
3.1,
3.1,
3.1,
3.0,
3.0,
3.0,
3.0,
3.0,
3.0,
3.0,
3.0,
3.0,
3.0,
3.0,
3.0,
3.0,
2.9,
2.9,
2.9,
2.9,
2.9,
2.9,
2.9,
2.9,
3.0,
3.0,
3.0,
3.0,
3.0,
3.0,
3.0,
3.0,
3.0,
3.0,
3.0,
3.0,
3.0,
3.0,
3.0,
3.0,
3.0,
3.0,
3.0,
3.0,
3.0,
3.0,
3.0,
3.0,
3.0,
3.0,
3.0,
3.0,
3.0,
3.1,
3.1,
3.1,
3.1,
3.1,
3.1,
3.1,
3.1,
3.1,
3.1,
3.1,
3.1,
3.1,
3.1,
3.0,
3.0,
3.0,
3.0,
3.0,
3.0,
3.0,
3.0,
3.0,
3.0,
3.0,
3.0,
3.0,
3.0,
3.0,
3.0,
3.0,
3.3,
3.3,
3.3,
3.3,
3.3,
3.3,
3.3,
3.3,
3.3,
3.3,
3.3,
3.3,
3.3,
3.3,
3.3,
3.3,
2.9,
2.9,
2.9,
2.9,
2.9,
2.9,
2.9,
2.9,
2.9,
2.9,
2.9,
2.9,
2.9,
2.9,
2.9,
2.9,
2.9,
3.1,
3.1,
3.1,
3.1,
3.1,
3.0,
3.0,
3.0,
3.0,
3.1,
3.1,
3.1,
3.1,
3.1,
3.1,
3.1,
3.1,
3.1,
3.1,
3.1,
3.1,
3.1,
3.1,
3.3,
3.3,
3.3,
3.3,
3.3,
3.3,
3.3,
3.3,
3.3,
3.3,
3.3,
3.3,
3.3,
3.3,
3.3,
3.3,
3.3,
3.3,
3.3,
3.3,
3.3,
3.3,
3.3,
3.3,
3.3,
3.3,
3.3,
3.3,
3.3,
3.3,
3.3,
0.0,
0.0,
0.0,
0.0,
0.0,
0.0,
0.0,
0.0,
0.0,
0.0,
0.0,
0.0,
0.0,
0.0,
0.0,
0.0,
0.0,
0.0,
0.0,
0.0,
0.0,
0.0,
0.0,
0.0,
0.0,
0.0,
0.0,
0.0,
0.0,
0.0,
0.0,
0.0,
0.0,
0.0,
0.0,
0.0,
0.0,
0.0,
0.0,
0.0,
0.0,
0.0,
0.0,
0.0,
0.0,
0.0,
0.0,
0.0,
0.0,
0.0,
0.0,
0.0,
0.0,
0.0,
0.0,
0.2,
0.2,
0.2,
0.2,
0.2,
0.2,
0.2,
0.2,
0.2,
0.2,
0.2,
0.2,
0.2,
0.2,
0.2,
0.2,
0.2,
0.2,
0.2,
0.2,
0.2,
0.2,
0.0,
0.0,
0.0,
0.0,
0.0,
0.0,
0.0,
0.0,
0.0,
0.0,
0.0,
0.0,
0.0,
0.0,
0.0,
0.0,
0.0,
0.0,
0.0,
0.0,
0.0,
0.0,
0.0,
0.0,
0.0,
0.0,
0.0,
0.0,
0.0,
0.0,
0.0,
0.0,
0.0,
0.0,
0.0,
0.0,
0.0,
0.0,
0.0,
0.0,
0.0,
0.0,
0.0,
0.0,
0.0,
0.0,
0.0,
0.0,
0.0,
0.0,
0.0,
0.2,
0.2,
0.2,
24.3,
24.3,
24.3,
24.3,
30.3,
30.3,
30.3,
30.3,
30.3,
30.3,
30.3,
30.3,
30.3,
30.3,
30.3,
30.3,
30.3,
30.3,
31.9,
31.9,
31.9,
31.9,
31.9,
31.9,
31.9,
31.9,
31.9,
31.9,
31.9,
31.9,
31.9,
31.9,
31.9,
31.9,
31.9,
31.1,
31.1,
31.1,
31.1,
31.1,
31.1,
31.1,
31.1,
31.1,
31.1,
31.1,
31.1,
31.1,
31.1,
31.1,
31.1,
31.1,
31.1,
29.9,
29.9,
29.9,
29.9,
29.9,
29.9,
29.9,
29.9,
29.9,
29.9,
29.9,
29.9,
29.9,
29.9,
29.9,
29.9,
31.8,
31.8,
31.8,
31.8,
31.8,
31.8,
31.8,
31.8,
31.8,
31.8,
31.8,
31.8,
31.8,
31.8,
31.8,
39.9,
39.9,
39.9,
39.9,
39.9,
39.9,
39.9,
39.9,
39.9,
39.9,
39.9,
39.9,
39.9,
42.2,
42.2,
42.2,
42.2,
42.2,
42.2,
42.2,
42.2,
42.2,
42.2,
42.2,
42.2,
42.2,
42.2,
42.2,
42.2,
42.2,
42.2,
42.2,
42.2,
42.2,
42.2,
42.2,
42.2,
42.2,
42.2,
42.2,
0.0,
0.0,
0.0,
0.0,
0.0,
0.0,
0.0,
0.0,
0.0,
0.0,
0.0,
0.0,
0.0,
0.0,
0.0,
0.0,
0.0,
0.0,
0.0,
0.0,
0.0,
0.0,
0.0,
0.0,
0.0,
0.0,
0.0,
0.0,
0.0,
0.0,
0.0,
0.0,
0.0,
0.0,
0.0,
0.0,
0.0,
0.0,
0.0,
0.0,
0.0,
0.0,
0.0,
0.0,
0.0,
0.0,
0.0,
0.0,
0.0,
0.0,
0.0,
0.0,
0.0,
0.0,
0.0,
0.0,
0.0,
0.0,
0.0,
0.0,
0.0,
0.0,
0.0,
0.0,
0.0,
0.0,
0.0,
0.0,
0.0,
0.0,
0.0,
0.0,
0.0,
0.0,
0.0,
0.0,
0.0,
0.0,
0.0,
0.0,
0.0,
0.0,
0.0,
0.1,
0.1,
0.1,
0.1,
0.1,
0.1,
0.1,
0.1,
0.1,
0.1,
0.1,
0.1,
0.1,
0.1,
0.1,
0.1,
0.1,
0.1,
0.1,
0.1,
0.1,
0.1,
0.1,
0.1,
0.1,
0.1,
0.1,
0.1,
0.1,
0.1,
0.1,
0.1,
0.1,
0.0,
0.0,
0.0,
0.0,
0.0,
0.0,
0.0,
0.0,
0.0,
0.0,
0.0,
0.0,
0.0,
0.0,
0.0,
0.0,
0.0,
0.0,
0.0,
0.0,
0.0,
0.0,
0.0,
0.0,
0.0,
0.0,
0.0,
0.0,
0.0,
0.0,
0.0,
0.0,
0.0,
0.0,
0.0,
0.0,
0.0,
0.0,
0.0,
0.0,
0.0,
0.0,
0.0,
0.0,
0.0,
0.0,
0.0,
0.0,
0.0,
0.0,
0.0,
0.0,
0.0,
0.0,
0.0,
0.0,
0.0,
0.0,
0.0,
0.0,
0.0,
0.0,
0.0,
0.0,
0.0,
0.0,
0.0,
0.0,
0.0,
0.0,
0.0,
0.0,
0.0,
0.0,
0.0,
0.0,
0.0,
0.0,
0.0,
0.0,
0.0,
0.0,
0.0,
0.0,
0.0,
0.0,
0.0,
0.0,
0.0,
0.0,
0.0,
0.0,
0.0,
0.0,
0.0,
0.0,
0.0,
0.0,
0.5,
0.5,
0.5,
0.5,
0.5,
0.5,
6.9,
6.9,
7.4,
7.4,
7.3,
7.3,
7.3,
7.3,
7.3,
7.3,
7.4,
7.4,
7.4,
7.4,
7.4,
7.6,
7.6,
7.6,
7.6,
7.6,
7.6,
7.6,
7.6,
7.6,
7.6,
7.5,
7.5,
7.5,
7.5,
7.5,
7.5,
7.5,
7.5,
7.5,
7.5,
7.5,
7.5,
7.5,
7.5,
7.5,
7.4,
7.4,
7.4,
7.4,
7.4,
7.4,
7.4,
7.4,
7.4,
7.4,
7.4,
7.4,
7.4,
7.4,
7.4,
7.4,
7.3,
7.3,
7.3,
7.3,
7.3,
7.3,
7.3,
7.3,
7.3,
7.3,
7.3,
7.3,
7.3,
7.3,
7.3,
7.3,
7.3,
7.3,
